AluminumAlloy1100 2710 69000000000 0.33 0 0
AluminumAlloy2011_Ono_2020_Viscoelastic 2830 72639225721.0756 0.335461546627219 0.00459043364139293 0.00749491447769562
AluminumAlloy2024 2770 72400000000 0.33 0 0
AluminumAlloy2024_Ono_2020_Viscoelastic 2770 71564072924.4218 0.344193828713732 0.00124477750127258 0.00110639213718364
AluminumAlloy6061 2700 69000000000 0.33 0 0
AluminumAlloy6061_Ono_2020_Viscoelastic 2700 73532697083.0217 0.329801379539599 0.0105274190451688 0.00924718173346409
AluminumOxide 3980 380000000000 0.22 0 0
Aluminum_Disperse 2700 70758450267.8 0.337506427162 0 0
Aluminum_Disperse_Viscoelastic 2700 70758450267.8 0.337506427162 0.003 0.01
CastIronG3000 7300 101500000000 0.26 0 0
CastIronG4000 7300 124000000000 0.26 0 0
Concrete 2400 31000000000 0.2 0 0
Copper110_Ono_2020_Viscoelastic 8940 135674368831.169 0.31737012987013 0.0222227092495041 0.0244258226664808
CopperAlloyBrass260_Ono_2020_Viscoelastic 8500 112119732950.36 0.338218977527131 0.0311192072733052 0.0190923448155787
CopperAlloyBrass360_Ono_2020_Viscoelastic 8530 108101258666.667 0.333333333333333 0.013553015857363 0.00916083479247681
CopperAlloyC17200BerylliumCopper 8250 128000000000 0.3 0 0
CopperAlloyC26000CartridgeBrass 8530 110000000000 0.35 0 0
CopperAlloyC36000FreeCuttingBrass 8500 97000000000 0.34 0 0
CopperAlloyC71500CopperNickel30 8940 150000000000 0.34 0 0
CopperAlloyC93200BearingBronze 8930 100000000000 0.34 0 0
CopperAlloyCuAgZr_Ono_2020_Viscoelastic 9920 149736850081.086 0.332395358058007 0.0132341078219833 0.0250168962598524
CopperAlloyCuAl2O3_Ono_2020_Viscoelastic 8900 137572159376.225 0.298167998969415 0.0122054279316882 0.0116298967876943
CopperOFHC_Ono_2020_Viscoelastic 8960 171814200765.478 0.132231081926204 0.0130200825375895 0.0388630311995535
DiamondNatural 3510 950000000000 0.2 0 0
DiamondSynthetic 3360 863000000000 0.2 0 0
Epoxy_Disperse 1170 3941322345.19 0.39200478392 0 0
Epoxy_Disperse_Viscoelastic 1170 3941322345.19 0.39200478392 0.04 0.1
Epoxy_Ono_2020_Viscoelastic 1390 7050383239.6741 0.33171029144059 0.0867498933785507 0.163644722559087
GlassBorosilicate 2230 70000000000 0.2 0 0
GlassCeramic 2600 120000000000 0.25 0 0
GlassQuartz 2200 73000000000 0.17 0 0
GlassQuartz_Ono_2020_Viscoelastic 2560 69061086857.5875 0.253763898616204 0.0125561116413512 0.0178238506878483
GlassSodaLime 2500 69000000000 0.23 0 0
GlassSodaLime_Ono_2020_Viscoelastic 2480 74292478994.64 0.222720194118499 0.00586951966055112 0.00652782873863812
Gold 19320 77000000000 0.42 0 0
Ice 900 9550000000 0.33 0 0
Inconel625 8440 207000000000 0.31 0 0
Inconel625_Ono_2020_Viscoelastic 8440 209197559435.062 0.30641975308642 0.0104036550964203 0.00748202000117485
Inconel718_Ono_2020_Viscoelastic 8190 199467312500.211 0.300513862790965 0.0144472247782272 0.0277608869151734
Inconel738_Ono_2020_Viscoelastic 8110 199389107866.667 0.295833333333333 0.0121829777270315 0.026204799909328
Iron_Ono_2020_Viscoelastic 7870 211506266013.282 0.304092644419432 0.0898526267913601 0.0606086448177893
Lead 11340 13500000000 0.44 0 0
MagnesiumAlloyAZ31B 1770 45000000000 0.35 0 0
MagnesiumAlloyAZ61_Ono_2020_Viscoelastic 1800 42312552236.8421 0.31469298245614 0.00132398642847158 0.00137694588561044
Magnesium_Ono_2020_Viscoelastic 1740 43949779615.0647 0.297383199357248 0.00441474639879748 0.00560357108231031
Molybdenum 10220 320000000000 0.32 0 0
Monel400 8800 180000000000 0.32 0 0
Monel400_Ono_2020_Viscoelastic 8800 179277708561.309 0.327559780654441 0.0214117387797516 0.00647383311820741
Nickel200 8890 204000000000 0.31 0 0
Nickel200_Ono_2020_Viscoelastic 8910 206772436417.215 0.315443037974684 0.0397757759304163 0.102922099779194
NickelAlloyNi3Al_Ono_2020_Viscoelastic 8100 214991270156.25 0.226066468253968 0.117782983969378 0.129162359498954
Nylon 1140 2690000000 0.39 0 0
Nylon_Ono_2020_Viscoelastic 1140 4509270811.58045 0.3734377471919 0.0826892845670557 0.0990572107006039
Platinum 21450 171000000000 0.39 0 0
Plexiglass 1190 2740000000 0.31 0 0
Plexiglass_Ono_2020_Viscoelastic 950 4625600000 0.242105263157895 0.0252547532999587 0.0407787819969246
Polycarbonate 1200 2380000000 0.36 0 0
Polycarbonate_Ono_2020_Viscoelastic 1200 3187616789.44931 0.382938007362083 0.165268045049648 0.200831471810941
PolyethyleneHighDensity_Ono_2020_Viscoelastic 940 3503092050.65704 0.361200113562622 0.0641523232759071 0.136048240219553
PolyethyleneLowDensity_Ono_2020_Viscoelastic 910 3833862001.03001 0.348171253109453 0.132990407216057 0.178450344707039
Polypropylene_Ono_2020_Viscoelastic 900 4476789341.6468 0.305978360535485 0.135820284295347 0.200186747984902
Polystyrene 1050 2780000000 0.33 0 0
PolyvinylChloride 1440 3280000000 0.38 0 0
PolyvinylChloride_Ono_2020_Viscoelastic 1400 4668410694.33854 0.35320958825772 0.0641120280367797 0.10594078883611
SiliconNitride 3300 304000000000 0.3 0 0
Silver 10490 74000000000 0.37 0 0
StainlessSteelAlloy304 8000 193000000000 0.3 0 0
StainlessSteelAlloy304_Ono_2020_Viscoelastic 8000 203113309581.13 0.287535178792306 0.0140342561417987 0.00618175019916112
StainlessSteelAlloy405 7800 200000000000 0.3 0 0
SteelAlloy1020 7850 207000000000 0.3 0 0
SteelAlloy1020_Ono_2020_Viscoelastic 7820 208015683374.342 0.290771198830409 0.00666805617080146 0.00576521255583849
SteelAlloy4340_Ono_2020_Viscoelastic 7840 202762120667.882 0.294990555966166 0.00404794459348353 0.0024375165794435
Tantalum 16600 185000000000 0.35 0 0
Teflon 2170 475000000 0.46 0 0
Tin 7170 44300000000 0.33 0 0
Titanium 4510 103000000000 0.34 0 0
TitaniumAlloyTi6Al4V 4430 114000000000 0.34 0 0
TitaniumAlloyTi6Al4V_Ono_2020_Viscoelastic 4500 114743911662.536 0.326672582524412 0.0270824302175227 0.0139905070250318
TitaniumAlloyTi6Al6V2Sn_Ono_2020_Viscoelastic 4540 111508896134.169 0.328851652666044 0.0100496326383725 0.0110247774252555
ToolSteelT8_Ono_2020_Viscoelastic 8430 220238103976.339 0.275659984664257 0.0375350152471692 0.0134839383045731
Tungsten 19300 400000000000 0.28 0 0
Tungsten_Ono_2020_Viscoelastic 19250 405198396686.538 0.286692953221407 0.00800827582417864 0.00391830905274797
Zinc 7140 104500000000 0.25 0 0
Zirconium 6510 99300000000 0.35 0 0
