AS4M3502 1550 144645985401.46 9635563551.49276 6000000000 0.299270072992701 0.284741806865701
CarbonEpoxy_Rokhlin_2011 1610 150949206349.206 12802129449.7392 8000000000 0.468253968253968 0.45478743747036
SAERTEX7006919RIMR135 1454 119910000000 7250000000 6020000000 0.322 0.447
SigrafilCE125023039 1500 128555357142.857 6873239705.55943 6100000000 0.330357142857143 0.374647941111886
T300M914 1560 139917171717.172 10051997225.3348 5700000000 0.313131313131313 0.478234886078651
T700M21 1571 125500000000 8700000000 4135000000 0.37 0.45
T700PPS 1600 149955900621.118 9988278265.79767 4500000000 0.291925465838509 0.368257296684613
T800M913 1550 152137414965.986 6635299556.3406 4200000000 0.251700680272109 0.54309292007921
T800M924 1500 161000000000 9250000000 6000000000 0.34 0.41
T800_Castaings 1510 178959000000 9171200000 5500000000 0.355 0.5285
TVR380M12R_GFRP 1800 46430000000 14920000000 5233000000 0.27 0.3
